346
264
468
104
87
160
502
661
479
487
332
236
680
114
411
91
532
171
205
137
431
163
624
158
597
258
229
594
474
305
373
360
165
467
135
353
307
635
496
414
84
482
300
365
384
256
634
421
570
639
557
245
274
633
211
152
98
519
385
342
581
266
554
464
380
310
138
427
448
304
515
313
168
89
176
149
534
170
349
291
415
334
214
630
288
398
134
430
177
187
279
528
578
454
159
215
142
371
599
649
181
278
483
339
191
480
196
261
147
284
535
306
224
520
299
695
442
419
333
522
451
184
457
108
317
505
103
447
663
422
456
351
192
83
484
202
143
111
359
358
582
283
439
230
240
452
687
455
124
115
235
608
329
644
586
273
130
95
395
118
494
265
281
545
173
254
90
150
297
620
343
133
157
107
185
156
301
161
370
363
579
389
459
498
612
81
222
671
275
93
453
302
514
199
378
443
465
397
308
331
200
390
164
566
350
521
148
481
309
323
610
79
509
595
140
131
401
433
277
391
507
492
524
92
102
338
354
144
145
405
146
549
683
238
276
136
632
434
232
250
318
220
621
286
596
180
377
518
153
499
404
280
488
285
117
262
106
